1,27,29,88,143,245,270,278,304,314
104,119,144,199,313
102,116,172,253,285,305,318
19,34,37,118,145,162,241,244,254,255,290,315,323
24,127,131,280
56,90,124,126,140,228,231,298
62,78,132,195
23,48
65,103,188,203,271,275
59,71,184,224,226,258,286
20,38,42,79,86
15,50,159,194,201,257,279,291,320
70,129,178,219,225,263
113,125,153,155,235,242,243
33,75,112,148,176,212,223,229,308,317
13,17,52,57,98,100,106,237,292
67,136,193,213,218,297,316
9,51,91,174,208,236,248,265
185,192,222,307
76,114,160,182,215,273,319
3,115,130,163,207,264
187,230,261
16,36,96,110,120,147,154,158,168,169,177,204,221
6,80,81,139,247
99,108,156,216,233,249,295,299,302,312
25,97,134,146,166,217
8,18,66,94,293
30,55,58,84,89,137,191,269,294
11,123,251
35,107,181,202,277
21,47,135,259,301,309
54,72,157,206
4,142,164,287,296
77,83,109,121,133,141,150,234,267,306
22,49,101,138,161,173,256,311
10,186,227
26,63,179,220,239
40,46,122,252,266
5,171,183,300
7,28,44,95,165,167,189,190,196,210,214,282,289
64,69,180,200,205,250,310
14,31,60,82,85,111,149,170,197,240,262,272,322
32,41,93,211,238,283,321
0,12,92,175,260
43,152,198,232,276,303
2,45,53,61,68,73,87,151,209,268,274,284
39,74,105,117,128,246,281,288
